300.0 0.0 2625.0
300.0 0.0 3025.0
600.0 0.0 2625.0
600.0 0.0 3025.0
900.0 0.0 2625.0
900.0 0.0 3025.0
1200.0 0.0 2625.0
1200.0 0.0 3025.0
1500.0 0.0 2625.0
1500.0 0.0 3025.0
1800.0 0.0 2625.0
1800.0 0.0 3025.0
2100.0 0.0 2625.0
2100.0 0.0 3025.0
2400.0 0.0 2625.0
2400.0 0.0 3025.0
2700.0 0.0 2625.0
2700.0 0.0 3025.0
3000.0 0.0 2625.0
3000.0 0.0 3025.0
5000.0 0.0 2825.0
5300.0 0.0 2825.0
5600.0 0.0 2825.0
5900.0 0.0 2825.0
6200.0 0.0 2825.0
12000.0 0.0 2425.0
12000.0 0.0 2825.0
12300.0 0.0 2420.0
12300.0 0.0 2820.0
12600.0 0.0 2415.0
12600.0 0.0 2815.0
12900.0 0.0 2410.0
12900.0 0.0 2810.0
13200.0 0.0 2405.0
13200.0 0.0 2805.0
16000.0 0.0 2400.0
16300.0 0.0 2380.0
16600.0 0.0 2360.0
20000.0 0.0 2000.0
20000.0 0.0 2400.0
20300.0 0.0 1950.0
20300.0 0.0 2350.0
20600.0 0.0 1900.0
20600.0 0.0 2300.0
20900.0 0.0 1850.0
20900.0 0.0 2250.0
21200.0 0.0 1800.0
21200.0 0.0 2200.0
25000.0 0.0 1200.0
25300.0 0.0 1050.0
25600.0 0.0 900.0
28000.0 0.0 1000.0
28300.0 0.0 850.0
28600.0 0.0 700.0
31000.0 0.0 1000.0
31300.0 0.0 850.0
31600.0 0.0 700.0
20000.0 0.0 -11825.0
20000.0 0.0 -12225.0
19700.0 0.0 -12025.0
19700.0 0.0 -12425.0
19400.0 0.0 -12225.0
19400.0 0.0 -12625.0
19100.0 0.0 -12425.0
19100.0 0.0 -12825.0
18800.0 0.0 -12625.0
18800.0 0.0 -13025.0
18500.0 0.0 -12825.0
18500.0 0.0 -13225.0
18200.0 0.0 -13025.0
18200.0 0.0 -13425.0
17900.0 0.0 -13225.0
17900.0 0.0 -13625.0
17600.0 0.0 -13425.0
17600.0 0.0 -13825.0
17300.0 0.0 -13625.0
17300.0 0.0 -14025.0
11000.0 2000.0 -7825.0
11000.0 2000.0 -8225.0
10700.0 2000.0 -8025.0
10700.0 2000.0 -8425.0
10400.0 2000.0 -8225.0
10400.0 2000.0 -8625.0
10100.0 2000.0 -8425.0
10100.0 2000.0 -8825.0
9800.0 2000.0 -8625.0
9800.0 2000.0 -9025.0
9500.0 2000.0 -8825.0
9500.0 2000.0 -9225.0
9200.0 2000.0 -9025.0
9200.0 2000.0 -9425.0
8900.0 2000.0 -9225.0
8900.0 2000.0 -9625.0
8600.0 2000.0 -9425.0
8600.0 2000.0 -9825.0
8300.0 2000.0 -9625.0
8300.0 2000.0 -10025.0
-6000.0 0.0 2625.0
-6000.0 0.0 3025.0
-6300.0 0.0 2625.0
-6300.0 0.0 3025.0
-6600.0 0.0 2625.0
-6600.0 0.0 3025.0
-6900.0 0.0 2625.0
-6900.0 0.0 3025.0
-7200.0 0.0 2625.0
-7200.0 0.0 3025.0
-7500.0 0.0 2625.0
-7500.0 0.0 3025.0
-7800.0 0.0 2625.0
-7800.0 0.0 3025.0
-8100.0 0.0 2625.0
-8100.0 0.0 3025.0
-8300.0 0.0 2625.0
-8300.0 0.0 3025.0
-8500.0 0.0 2625.0
-8500.0 0.0 3025.0